9
4
576
1
580.3985808448282
4
689.3153613217575
580.3985808448282
1.7976931348623157E308
1.7976931348623157E308
4
1
1
1
1
5
5
12
5
401.87
1085.3677663704275
-1
TIMESERIES:
4
1
9
12
0.0
0.5563258528709412
0.015077747404575348
0.8442222476005554
0.3289376199245453
0.33188745379447937
-0.18457727134227753
0.7190476655960083
0.010989069938659668
0.2867469787597656
1.0
0.44586944580078125
0.130132257938385
0.8579399585723877
-0.2129354625940323
-0.22675539553165436
0.6826176643371582
0.7714285850524902
0.04945051670074463
0.26265060901641846
2.0
0.3143847584724426
0.11575044691562653
1.059520959854126
-0.6181485056877136
-1.4038220643997192
2.6827352046966553
0.7571429014205933
0.10989010334014893
0.2674698829650879
3.0
0.9246678352355957
-0.6221294403076172
1.1002092361450195
2.717310905456543
2.3149664402008057
3.9174933433532715
0.7619047164916992
0.2857142686843872
0.21927714347839355
4.0
0.6087810397148132
-0.32683828473091125
1.3606138229370117
10.00161075592041
3.6754987239837646
-0.019094200804829597
0.5666667222976685
0.11538457870483398
0.5277107954025269
5.0
0.34095898270606995
0.24959410727024078
0.5215066075325012
10.683321952819824
1.5398752689361572
-2.817985773086548
0.4714285135269165
-0.4615384340286255
0.49879515171051025
6.0
0.0509532168507576
0.48758992552757263
-0.5601023435592651
2.30733060836792
-1.5254453420639038
-6.649555206298828
0.23333334922790527
-0.8516483306884766
0.19036149978637695
7.0
-0.26262274384498596
-0.06726973503828049
-0.6451988220214844
-6.8123459815979
-4.267124176025391
-7.3846821784973145
0.03809523582458496
-0.7857142686843872
0.2722891569137573
8.0
-1.640323519706726
0.602180540561676
0.034410566091537476
-4.095035076141357
10.041141510009766
-6.775258541107178
-0.20476192235946655
-0.5714285373687744
0.33493971824645996
9.0
-1.1901791095733643
-0.0981210470199585
0.5438269972801208
-4.454164981842041
-1.6120246648788452
1.95238196849823
-0.2904762029647827
-0.3351648449897766
0.48433732986450195
10.0
-1.1559791564941406
0.18255628645420074
1.1053242683410645
-2.620377540588379
-1.44711172580719
3.6883630752563477
-0.21904760599136353
-0.25274723768234253
0.590361475944519
11.0
-0.6286539435386658
0.280445396900177
0.8416646718978882
-0.5053244829177856
0.014429888688027859
0.0938798189163208
-0.12857145071029663
-0.23626375198364258
0.633734941482544
1
9
10
0.0
-0.596764862537384
0.2215263694524765
0.6528713703155518
0.3607190251350403
1.1111013889312744
-0.6571587324142456
-0.15238094329833984
-0.192307710647583
0.6000000238418579
1.0
-0.9632581472396851
0.19786596298217773
0.9267612099647522
3.828071117401123
2.1892201900482178
-1.8266785144805908
-0.20952379703521729
-0.24175822734832764
0.590361475944519
2.0
-1.2167532444000244
0.3488750159740448
0.6598464846611023
7.208024501800537
0.15872877836227417
-1.4766181707382202
-0.32380950450897217
-0.4725274443626404
0.4216867685317993
3.0
-1.489890217781067
0.8299698829650879
-0.05649852752685547
2.9238901138305664
-0.19171138107776642
5.406841278076172
-0.27619045972824097
-0.6868131756782532
0.18072283267974854
4.0
-1.0270363092422485
0.6290884017944336
-0.3022553324699402
2.424921751022339
1.4100062847137451
7.601082801818848
-0.02380955219268799
-0.8461538553237915
0.15662646293640137
5.0
-0.23604851961135864
0.2623521685600281
-0.468728244304657
-1.9338990449905396
1.2265405654907227
10.00536060333252
0.3571428060531616
-0.8296703100204468
0.12289154529571533
6.0
0.6147891283035278
0.028299737721681595
-0.28505003452301025
-4.366765975952148
2.3149664402008057
3.1203105449676514
0.6095237731933594
-0.44505494832992554
0.30602407455444336
7.0
0.6328133940696716
-0.48155879974365234
1.1148569583892822
-7.231860637664795
3.1622071266174316
-8.375988960266113
0.4095238447189331
-0.25824177265167236
0.5518072843551636
8.0
-0.6205661296844482
0.14265835285186768
2.065333843231201
-1.3602445125579834
0.21438691020011902
-8.337800979614258
0.22857141494750977
-0.22527474164962769
0.6433734893798828
9.0
-0.48168689012527466
0.42959874868392944
1.2506393194198608
0.30827969312667847
-4.060983180999756
-4.487137317657471
0.32380950450897217
-0.2142857313156128
0.6240963935852051
0
0
